       мнлярпнй   1  -1  -1  -1
       мнлярпнй   2  -1  -1  -1
       мнлярпнй   3  -1  -1  -1
       мнлярпнй   4  -1  -1  -1
   упюм оепеунд   5  -1  -1  -1
       мнлярпнй   6  -1  -1  -1
   упюм оепеунд   7  -1  -1  -1
       мнлярпнй   5  -1  -1  -1
   бнгбпоепеунд  -1  -1  -1  -1
       мнлярпнй   8  -1  -1  -1
     сякоепеунд  24 289   1   9
       мнлярпнй  10  -1  -1  -1
       мнлярпнй   9  -1  -1  -1
          опхяб  24 289  -1  -1
       упюмемхе 287 700  -1  -1
       упюмемхе   1 701  -1  -1
          лерйю 256  -1  -1  -1
       опнбепйю  24 700 701 257
       мнлярпнй  11  -1  -1  -1
          опхяб  25  24  -1  -1
       упюмемхе 290 702  -1  -1
       упюмемхе 291 703  -1  -1
          лерйю 258  -1  -1  -1
       опнбепйю  25 702 703 259
       мнлярпнй  12  -1  -1  -1
         сбекхв  25 703  -1  -1
        оепеунд 258  -1  -1  -1
          лерйю 259  -1  -1  -1
       мнлярпнй  13  -1  -1  -1
         сбекхв  24 701  -1  -1
        оепеунд 256  -1  -1  -1
          лерйю 257  -1  -1  -1
       мнлярпнй  14  -1  -1  -1
           щйяо  24 292 300  -1
           щйяо 300 293 301  -1
          слмнф 301  25 302  -1
          слмнф 302 288 303  -1
           щйяо  26 291 307  -1
          лхмся 307 306  -1  -1
           якнф 306 293 308  -1
          слмнф  25 308 305  -1
           якнф 303 305 304  -1
          опхяб   1 304  -1  -1
       мнлярпнй  15  -1  -1  -1
           щйяо   1 291 309  -1
          декем 309  24 310  -1
          декем 310 294 311  -1
           якнф 293  24 313  -1
           якнф 313   1 314  -1
          бшвхр 311 314 312  -1
          опхяб   2 312  -1  -1
       мнлярпнй  16  -1  -1  -1
       мнлярпнй  17  -1  -1  -1
          слмнф 293   1 316  -1
           щйяо   3   2 319  -1
          бшвхр 319 296 320  -1
           щйяо   2 320 318  -1
          слмнф 316 318 317  -1
          слмнф 317  24 321  -1
          декем 321  25 322  -1
           якнф 322 296 323  -1
          опхяб   4 323  -1  -1
       мнлярпнй  18  -1  -1  -1
           щйяо   2   3 325  -1
          декем   1 325 324  -1
          декем 324 291 326  -1
           щйяо   1 293 328  -1
           щйяо 328 295 329  -1
          бшвхр 326 329 327  -1
          опхяб   5 327  -1  -1
       мнлярпнй  19  -1  -1  -1
           щйяо   1   2 331  -1
           щйяо   1 295 334  -1
           щйяо 334   1 335  -1
          слмнф   3 335 333  -1
          слмнф 333   4 336  -1
          бшвхр 331 336 332  -1
           щйяо 298 332 330  -1
